Start																								
100.4040	130.3332	161.1498	145.0063	136.2653	127.8121	143.7642	120.9116	198.3982	146.3610	186.3373	147.6797	162.9832	182.3953	181.5605	109.9044	177.2394	169.0383	154.3357	164.2510	134.9555	198.1187	181.9601	132.5095	150.6454
162.8785	135.2283	129.5913	137.5161	156.3620	194.6563	199.9328	186.2630	199.9886	140.5252	127.1951	197.1045	183.8753	126.4971	160.0399	168.8998	185.9174	195.1986	189.5150	171.4487					
168.8636	116.1774	144.1532	133.7848	121.1035	140.4041	158.1210	177.0644	130.6275	156.5404	187.5339	123.5107	107.5664	160.3451	167.5172	103.3411	112.2673	127.1422	151.1070	176.6398	153.2699	147.0224	146.9927	164.2261	131.9919
134.5279	106.5474	134.6900	104.8688	169.6854	133.8414	131.2435	146.1770	103.9051	183.9763	156.5960	144.6621	143.4807	112.4028	114.9084	172.6490	155.8518	121.3699	162.1592	187.4638					
177.4296	144.3302	102.4022	118.7582	114.5945	140.5680	129.7136	115.8037	109.2163	118.0846	110.1141	101.0949	106.1263	119.0841	118.0562	132.9350	112.2217	197.4351	108.3496	197.1755	104.2734	173.7583	196.4251	102.6393	194.3913
181.7110	110.4131	106.4240	101.6995	123.2411	162.9565	134.0333	160.5116	175.4271	177.7151	199.3150	174.7111	122.9456	177.1444	116.6100	139.3525	199.9263	163.5876	174.2076	104.5397					
194.7982	144.7536	130.8826	131.5202	134.2845	167.7109	123.3670	134.3189	162.5954	181.6936	177.7178	100.0065	137.3128	171.7768	126.3505	154.4172	148.5209	101.4749	181.0132	151.6492	124.2552	186.4423	111.3103	137.0268	102.5508
198.9332	137.6556	140.9915	141.7290	171.2309	143.1848	156.1625	104.5279	140.4265	179.7746	110.6975	151.7808	105.4385	151.4308	167.3419	163.7151	153.5527	171.8985	176.1174	101.1339					
117.7581	173.8243	167.6443	155.8471	133.0411	185.6032	110.8824	110.2098	134.9841	100.4323	143.8424	109.9301	146.4361	189.0106	168.0796	194.9692	191.8384	174.7677	151.7675	140.9577	101.5265	150.9905	153.0683		
